3.2941
4.1111
4.1648
6.4089
3.4839
4.4582
4.6105
5.481
3.6307
3.9899
3.7316
3.394
2.8433
5.5507
5.2719
3.4939
5.5176
3.5585
4.3976
3.5911
4.3573
3.5346
3.0902
3.9671
5.064
3.1144
5.5416
3.0958
4.4288
3.1842
3.3829
3.0055
3.8024
3.5013
3.3768
3.6931
3.4605
3.6689
3.5551
3.3507
3.6928
3.4609
3.7862
12.5457
7.2794
5.9456
3.3032
3.8445
4.8557
3.8799
5.0395
10.092
3.5605
4.9194
3.9426
3.8497
3.8233
3.5918
5.9467
5.0593
5.1658
4.342
3.6329
3.9756
3.583
3.2162
4.1167
4.0153
4.9043
4.5814
3.6021
4.8773
5.4677
3.6266
3.4999
3.2502
2.9016
3.057
3.2327
3.5159
3.1385
3.5608
3.1173
3.282
3.5064
3.9825
3.3033
3.5867
4.3283
4.3214
5.1759
3.6678
6.1738
3.5375
3.5952
5.4157
4.2899
4.4112
5.6206
3.6007
3.4545
3.9402
3.9539
3.4008
3.687
4.3437
4.524
4.0106
3.8959
3.0326
3.7975
3.6622
3.2239
3.1141
3.0227
3.6019
3.4344
3.8013
3.386
3.1887
4.0252
3.3671
3.7847
3.1465
4.0377
3.061
3.632
5.6587
4.3276
3.5401
4.8951
4.4474
8.1481
3.8034
5.1022
3.5422
3.9213
4.2791
3.4311
3.6802
4.4106
3.1628
3.5129
3.1888
3.6049
3.2829
3.2751
3.0404
3.4939
3.4531
3.9649
3.7969
3.1978
3.3032
3.3585
3.0865
3.2921
3.2192
3.1838
2.6516
3.4513
3.3374
3.6558
3.1569
3.132
3.18
2.5055
3.2078
