0.0
66.0
66.0
38.5
85.0
42.0
38.0
36.0
44.0
37.0
37.0
37.0
30.0
66.0
83.5
89.33333333333333
85.75
85.25
77.0
69.66666666666667
78.75
60.25
65.66666666666667
68.0
64.0
29.333333333333332
3.6666666666666665
18.333333333333332
6.333333333333333
11.333333333333334
12.0
0.0
7.333333333333333
4.5
11.0
16.5
9.0
20.0
10.0
100.0
10.0
11.0
11.0
43.0
61.0
29.5
53.0
66.0
55.0
55.0
55.0
70.0
30.0
62.0
55.0
62.0
50.0
50.0
47.0
40.5
51.666666666666664
96.0
82.66666666666667
67.66666666666667
66.5
61.0
58.0
64.5
63.0
64.5
60.0
60.0
55.0
37.0
50.0
10.0
0.0
10.0
10.0
0.0
100.0
100.0
61.0
21.0
5.5
72.5
90.33333333333333
64.66666666666667
60.666666666666664
53.333333333333336
53.333333333333336
51.666666666666664
51.333333333333336
59.25
55.75
60.75
53.75
62.8
53.0
64.0
68.33333333333333
73.33333333333333
59.666666666666664
65.33333333333333
55.333333333333336
56.5
53.5
80.0
76.0
85.0
89.0
15.25
8.75
10.666666666666666
0.0
0.0
3.3333333333333335
10.0
0.0
0.0
100.0
5.5
73.5
68.5
63.333333333333336
58.5
58.5
38.666666666666664
48.666666666666664
46.666666666666664
46.0
51.333333333333336
43.333333333333336
49.0
48.333333333333336
67.0
66.5
63.0
58.0
57.0
53.5
0.0
0.0
0.0
0.0
0.0
96.66666666666667
97.5
96.0
2.0
98.33333333333333
13.2
0.0
0.0
0.0
0.0
0.0
0.0
0.0
0.0
0.0
94.0
0.0
6.6
96.66666666666667
0.0
14.4
80.0
下午 03:58 2021/3/8